   1    41  13.77   18.0    1.0    0.0   ----------------------------
  133.3    4.9501e+00    5.1971e+00   -4.7515e-02   -4.1506e-02
  136.3    4.6357e+00    5.1971e+00   -1.0801e-01   -3.2407e-02
  139.3    4.6038e+00    5.1971e+00   -1.1416e-01   -2.2549e-02
  142.3    4.5972e+00    5.1971e+00   -1.1542e-01   -1.4808e-02
  145.3    4.6886e+00    5.1971e+00   -9.7840e-02   -3.2692e-03
  148.3    5.0524e+00    5.1971e+00   -2.7848e-02    1.0959e-02
  151.3    5.6047e+00    5.1971e+00    7.8432e-02    1.8205e-02
  154.3    6.2447e+00    5.1971e+00    2.0157e-01    2.0641e-02
  157.3    6.6078e+00    5.1971e+00    2.7144e-01    2.7134e-02
  160.3    6.4500e+00    5.1971e+00    2.4107e-01    2.0400e-02
  163.3    5.9993e+00    5.1971e+00    1.5436e-01    1.3678e-02
  166.3    5.4335e+00    5.1971e+00    4.5497e-02    1.3267e-02
  169.3    5.0325e+00    5.1971e+00   -3.1675e-02    1.0744e-02
  172.3    4.9662e+00    5.1971e+00   -4.4425e-02    1.1095e-02
  175.3    4.9872e+00    5.1971e+00   -4.0393e-02    7.1776e-03
  178.3    4.9749e+00    5.1971e+00   -4.2755e-02    6.6834e-03
  181.3    4.9979e+00    5.1971e+00   -3.8333e-02    8.5668e-03
  184.3    5.0159e+00    5.1971e+00   -3.4867e-02    4.5376e-03
  187.3    4.9541e+00    5.1971e+00   -4.6754e-02   -5.5049e-03
  190.3    4.9897e+00    5.1971e+00   -3.9908e-02    2.6082e-03
  193.3    5.3423e+00    5.1971e+00    2.7950e-02    1.4675e-03
  196.3    5.8129e+00    5.1971e+00    1.1848e-01    2.6233e-03
  199.3    6.3459e+00    5.1971e+00    2.2104e-01    8.3368e-03
  202.3    6.5916e+00    5.1971e+00    2.6833e-01    1.4133e-02
  205.3    6.3055e+00    5.1971e+00    2.1327e-01    1.3284e-02
  208.3    5.6936e+00    5.1971e+00    9.5532e-02    1.2898e-02
  211.3    5.1407e+00    5.1971e+00   -1.0846e-02    9.4082e-03
  214.3    4.7919e+00    5.1971e+00   -7.7964e-02    9.9825e-03
  217.3    4.6487e+00    5.1971e+00   -1.0552e-01    5.5753e-03
  220.3    4.6002e+00    5.1971e+00   -1.1485e-01    1.7708e-03
  223.3    4.6587e+00    5.1971e+00   -1.0359e-01    8.9435e-04
  226.3    4.9060e+00    5.1971e+00   -5.6011e-02   -1.3401e-02
  229.3    4.9023e+00    5.1971e+00   -5.6727e-02   -2.4931e-02
  232.3    4.6266e+00    5.1971e+00   -1.0977e-01   -3.2957e-02
  235.3    4.2722e+00    5.1971e+00   -1.7797e-01   -4.3478e-02
  238.3    3.9485e+00    5.1971e+00   -2.4024e-01   -5.3911e-02
  241.3    3.8629e+00    5.1971e+00   -2.5673e-01   -4.7450e-02
  244.3    4.1607e+00    5.1971e+00   -1.9941e-01   -3.5273e-02
  247.3    4.9186e+00    5.1971e+00   -5.3576e-02   -6.9481e-03
  250.3    5.9565e+00    5.1971e+00    1.4612e-01    2.8040e-02
  253.3    6.8082e+00    5.1971e+00    3.1000e-01    9.4280e-02
   2    41  13.77   21.0    1.0    0.0   ----------------------------
  133.3    6.9289e+00    6.2598e+00    1.0689e-01   -1.5499e-02
  136.3    7.6852e+00    6.2598e+00    2.2771e-01   -4.2350e-03
  139.3    8.1063e+00    6.2598e+00    2.9499e-01    1.8706e-02
  142.3    8.0020e+00    6.2598e+00    2.7833e-01    2.9040e-02
  145.3    7.8010e+00    6.2598e+00    2.4621e-01    3.5156e-02
  148.3    7.8503e+00    6.2598e+00    2.5409e-01    3.0287e-02
  151.3    8.0860e+00    6.2598e+00    2.9174e-01    2.4023e-02
  154.3    8.0438e+00    6.2598e+00    2.8500e-01    1.4350e-02
  157.3    7.8980e+00    6.2598e+00    2.6170e-01    3.7464e-05
  160.3    6.7722e+00    6.2598e+00    8.1852e-02   -6.3937e-03
  163.3    5.6062e+00    6.2598e+00   -1.0441e-01   -1.8371e-02
  166.3    4.9159e+00    6.2598e+00   -2.1469e-01   -3.1203e-02
  169.3    4.6531e+00    6.2598e+00   -2.5666e-01   -3.0672e-02
  172.3    4.5706e+00    6.2598e+00   -2.6985e-01   -3.2033e-02
  175.3    4.5728e+00    6.2598e+00   -2.6949e-01   -3.1347e-02
  178.3    4.6802e+00    6.2598e+00   -2.5234e-01   -2.4302e-02
  181.3    4.6970e+00    6.2598e+00   -2.4966e-01   -1.3546e-02
  184.3    4.5819e+00    6.2598e+00   -2.6804e-01   -1.9636e-02
  187.3    4.5054e+00    6.2598e+00   -2.8027e-01   -1.5106e-02
  190.3    4.6544e+00    6.2598e+00   -2.5645e-01   -1.9471e-02
  193.3    4.8922e+00    6.2598e+00   -2.1847e-01   -1.8135e-02
  196.3    5.5727e+00    6.2598e+00   -1.0976e-01   -1.9356e-02
  199.3    6.6977e+00    6.2598e+00    6.9952e-02   -5.5965e-03
  202.3    7.8333e+00    6.2598e+00    2.5136e-01    7.0998e-03
  205.3    8.0642e+00    6.2598e+00    2.8826e-01    1.7109e-02
  208.3    8.0650e+00    6.2598e+00    2.8838e-01    2.5809e-02
  211.3    7.7907e+00    6.2598e+00    2.4457e-01    3.3726e-02
  214.3    7.7130e+00    6.2598e+00    2.3215e-01    3.4902e-02
  217.3    7.9252e+00    6.2598e+00    2.6605e-01    2.5975e-02
  220.3    8.0986e+00    6.2598e+00    2.9375e-01    1.8273e-02
  223.3    7.9572e+00    6.2598e+00    2.7116e-01    3.6899e-03
  226.3    7.1103e+00    6.2598e+00    1.3587e-01   -1.5219e-02
  229.3    5.7673e+00    6.2598e+00   -7.8674e-02   -2.7335e-02
  232.3    4.7061e+00    6.2598e+00   -2.4820e-01   -2.8830e-02
  235.3    4.1469e+00    6.2598e+00   -3.3753e-01   -3.6614e-02
  238.3    3.9481e+00    6.2598e+00   -3.6930e-01   -4.6478e-02
  241.3    3.9090e+00    6.2598e+00   -3.7554e-01   -3.4311e-02
  244.3    3.9849e+00    6.2598e+00   -3.6342e-01   -2.0185e-02
  247.3    4.6725e+00    6.2598e+00   -2.5357e-01    7.2785e-03
  250.3    5.8469e+00    6.2598e+00   -6.5957e-02    4.8790e-02
  253.3    7.3380e+00    6.2598e+00    1.7224e-01    1.3962e-01
   3    41  13.77   24.0    1.0    0.0   ----------------------------
  133.3    9.2195e+00    7.7205e+00    1.9415e-01   -3.0745e-02
  136.3    1.0090e+01    7.7205e+00    3.0686e-01   -9.6536e-04
  139.3    1.0271e+01    7.7205e+00    3.3037e-01    1.6091e-02
  142.3    1.0039e+01    7.7205e+00    3.0031e-01    2.7290e-02
  145.3    1.0253e+01    7.7205e+00    3.2802e-01    3.3083e-02
  148.3    1.0796e+01    7.7205e+00    3.9829e-01    3.6284e-02
  151.3    1.0617e+01    7.7205e+00    3.7515e-01    1.6087e-02
  154.3    1.0390e+01    7.7205e+00    3.4581e-01    6.7436e-03
  157.3    9.9064e+00    7.7205e+00    2.8312e-01    8.8465e-04
  160.3    8.8516e+00    7.7205e+00    1.4650e-01   -8.9268e-03
  163.3    7.0668e+00    7.7205e+00   -8.4678e-02   -2.0639e-02
  166.3    5.8478e+00    7.7205e+00   -2.4257e-01   -1.7492e-02
  169.3    5.7597e+00    7.7205e+00   -2.5398e-01   -1.9485e-02
  172.3    5.6344e+00    7.7205e+00   -2.7020e-01   -2.6573e-02
  175.3    5.4344e+00    7.7205e+00   -2.9612e-01   -2.8368e-02
  178.3    5.4885e+00    7.7205e+00   -2.8910e-01   -3.2642e-02
  181.3    5.5091e+00    7.7205e+00   -2.8644e-01   -3.0749e-02
  184.3    5.4834e+00    7.7205e+00   -2.8976e-01   -2.6409e-02
  187.3    5.5346e+00    7.7205e+00   -2.8313e-01   -2.2191e-02
  190.3    5.6896e+00    7.7205e+00   -2.6305e-01   -1.7015e-02
  193.3    5.7666e+00    7.7205e+00   -2.5308e-01   -6.0415e-03
  196.3    6.8053e+00    7.7205e+00   -1.1854e-01   -2.9635e-03
  199.3    8.5154e+00    7.7205e+00    1.0295e-01    2.7399e-03
  202.3    9.6368e+00    7.7205e+00    2.4820e-01    1.8672e-02
  205.3    1.0098e+01    7.7205e+00    3.0792e-01    2.9832e-02
  208.3    1.0321e+01    7.7205e+00    3.3688e-01    4.2629e-02
  211.3    1.0678e+01    7.7205e+00    3.8305e-01    5.2416e-02
  214.3    1.0201e+01    7.7205e+00    3.2126e-01    5.3671e-02
  217.3    1.0029e+01    7.7205e+00    2.9894e-01    3.9199e-02
  220.3    1.0223e+01    7.7205e+00    3.2407e-01    2.5592e-02
  223.3    1.0035e+01    7.7205e+00    2.9972e-01    1.3670e-02
  226.3    9.2538e+00    7.7205e+00    1.9859e-01   -4.3732e-03
  229.3    7.6931e+00    7.7205e+00   -3.5504e-03   -1.9748e-02
  232.3    5.9407e+00    7.7205e+00   -2.3053e-01   -2.2969e-02
  235.3    4.8680e+00    7.7205e+00   -3.6947e-01   -3.3299e-02
  238.3    4.3515e+00    7.7205e+00   -4.3638e-01   -4.4236e-02
  241.3    4.1878e+00    7.7205e+00   -4.5758e-01   -4.2281e-02
  244.3    3.9906e+00    7.7205e+00   -4.8312e-01   -3.6057e-02
  247.3    4.1572e+00    7.7205e+00   -4.6154e-01   -1.0465e-02
  250.3    5.1215e+00    7.7205e+00   -3.3664e-01   -1.6394e-02
  253.3    6.7887e+00    7.7205e+00   -1.2070e-01    1.0615e-01
   4    41  13.77   27.0    1.0    0.0   ----------------------------
  133.3    7.3465e+00    6.8289e+00    7.5800e-02   -1.0203e-02
  136.3    7.7881e+00    6.8289e+00    1.4046e-01    1.1310e-02
  139.3    8.1395e+00    6.8289e+00    1.9192e-01    1.7218e-02
  142.3    8.8000e+00    6.8289e+00    2.8863e-01    3.1307e-02
  145.3    9.3237e+00    6.8289e+00    3.6533e-01    3.2196e-02
  148.3    9.4499e+00    6.8289e+00    3.8381e-01    3.1983e-02
  151.3    8.9690e+00    6.8289e+00    3.1339e-01    2.1043e-02
  154.3    7.8584e+00    6.8289e+00    1.5076e-01    6.5411e-03
  157.3    7.1331e+00    6.8289e+00    4.4551e-02   -6.0793e-03
  160.3    6.5946e+00    6.8289e+00   -3.4308e-02   -1.7063e-02
  163.3    6.1295e+00    6.8289e+00   -1.0242e-01   -2.4817e-02
  166.3    5.7275e+00    6.8289e+00   -1.6129e-01   -2.1955e-02
  169.3    5.9607e+00    6.8289e+00   -1.2713e-01   -2.4833e-02
  172.3    6.0713e+00    6.8289e+00   -1.1095e-01   -3.1098e-02
  175.3    5.8684e+00    6.8289e+00   -1.4066e-01   -2.7113e-02
  178.3    5.8630e+00    6.8289e+00   -1.4144e-01   -2.4964e-02
  181.3    5.7921e+00    6.8289e+00   -1.5182e-01   -2.8953e-02
  184.3    5.9000e+00    6.8289e+00   -1.3603e-01   -2.8647e-02
  187.3    5.9801e+00    6.8289e+00   -1.2429e-01   -3.1047e-02
  190.3    5.9418e+00    6.8289e+00   -1.2990e-01   -2.8546e-02
  193.3    5.7051e+00    6.8289e+00   -1.6456e-01   -2.5295e-02
  196.3    6.0342e+00    6.8289e+00   -1.1637e-01   -2.4576e-02
  199.3    6.5318e+00    6.8289e+00   -4.3514e-02   -1.5529e-02
  202.3    6.9260e+00    6.8289e+00    1.4215e-02    8.4299e-04
  205.3    7.8550e+00    6.8289e+00    1.5026e-01    1.2730e-02
  208.3    8.8053e+00    6.8289e+00    2.8942e-01    2.7036e-02
  211.3    9.5140e+00    6.8289e+00    3.9319e-01    4.2230e-02
  214.3    9.4461e+00    6.8289e+00    3.8325e-01    5.5935e-02
  217.3    8.9931e+00    6.8289e+00    3.1691e-01    5.0414e-02
  220.3    8.2434e+00    6.8289e+00    2.0714e-01    4.2746e-02
  223.3    7.8675e+00    6.8289e+00    1.5209e-01    3.2323e-02
  226.3    7.4796e+00    6.8289e+00    9.5284e-02    1.5203e-02
  229.3    6.8713e+00    6.8289e+00    6.2066e-03   -3.5905e-04
  232.3    6.2625e+00    6.8289e+00   -8.2942e-02   -6.6141e-03
  235.3    5.4278e+00    6.8289e+00   -2.0517e-01   -7.9513e-03
  238.3    4.6363e+00    6.8289e+00   -3.2107e-01   -3.8934e-03
  241.3    4.2207e+00    6.8289e+00   -3.8193e-01   -6.9689e-03
  244.3    4.3181e+00    6.8289e+00   -3.6768e-01   -1.0876e-02
  247.3    4.4792e+00    6.8289e+00   -3.4408e-01   -5.1524e-03
  250.3    4.6329e+00    6.8289e+00   -3.2157e-01   -2.2788e-02
  253.3    5.0979e+00    6.8289e+00   -2.5349e-01    4.2608e-03
   5    41  13.77   30.0    1.0    0.0   ----------------------------
  133.3    6.6219e+00    6.2869e+00    5.3282e-02   -4.5572e-02
  136.3    7.2685e+00    6.2869e+00    1.5614e-01   -1.7532e-02
  139.3    8.1484e+00    6.2869e+00    2.9610e-01    1.2907e-02
  142.3    8.7402e+00    6.2869e+00    3.9022e-01    3.2422e-02
  145.3    9.1030e+00    6.2869e+00    4.4792e-01    4.4862e-02
  148.3    9.0102e+00    6.2869e+00    4.3318e-01    4.1637e-02
  151.3    8.3689e+00    6.2869e+00    3.3117e-01    2.2213e-02
  154.3    6.8889e+00    6.2869e+00    9.5747e-02    7.1810e-03
  157.3    5.8135e+00    6.2869e+00   -7.5302e-02   -8.5531e-03
  160.3    5.0044e+00    6.2869e+00   -2.0399e-01   -2.1747e-02
  163.3    4.2424e+00    6.2869e+00   -3.2520e-01   -2.2850e-02
  166.3    4.6131e+00    6.2869e+00   -2.6624e-01   -1.5321e-02
  169.3    5.4147e+00    6.2869e+00   -1.3873e-01   -1.3136e-02
  172.3    6.0702e+00    6.2869e+00   -3.4462e-02   -8.8528e-03
  175.3    6.1002e+00    6.2869e+00   -2.9697e-02   -6.7755e-03
  178.3    5.8809e+00    6.2869e+00   -6.4576e-02   -9.2493e-03
  181.3    5.8211e+00    6.2869e+00   -7.4087e-02   -1.2147e-02
  184.3    6.0440e+00    6.2869e+00   -3.8641e-02   -1.0584e-02
  187.3    6.1331e+00    6.2869e+00   -2.4457e-02   -1.7350e-02
  190.3    5.6353e+00    6.2869e+00   -1.0364e-01   -2.6203e-02
  193.3    4.6213e+00    6.2869e+00   -2.6494e-01   -2.6390e-02
  196.3    4.2535e+00    6.2869e+00   -3.2343e-01   -2.8782e-02
  199.3    4.8388e+00    6.2869e+00   -2.3033e-01   -2.2957e-02
  202.3    5.7882e+00    6.2869e+00   -7.9331e-02   -3.4898e-03
  205.3    6.5634e+00    6.2869e+00    4.3985e-02    2.0742e-02
  208.3    8.2259e+00    6.2869e+00    3.0842e-01    3.7378e-02
  211.3    9.0147e+00    6.2869e+00    4.3389e-01    4.8095e-02
  214.3    9.1760e+00    6.2869e+00    4.5955e-01    5.3248e-02
  217.3    8.7916e+00    6.2869e+00    3.9840e-01    4.7033e-02
  220.3    8.1891e+00    6.2869e+00    3.0257e-01    3.2876e-02
  223.3    7.3703e+00    6.2869e+00    1.7232e-01    2.2424e-02
  226.3    6.6015e+00    6.2869e+00    5.0034e-02    1.1574e-02
  229.3    5.8730e+00    6.2869e+00   -6.5838e-02    6.4121e-03
  232.3    5.2208e+00    6.2869e+00   -1.6958e-01   -5.1423e-03
  235.3    5.0448e+00    6.2869e+00   -1.9757e-01   -1.6764e-02
  238.3    4.8165e+00    6.2869e+00   -2.3388e-01   -2.1335e-02
  241.3    4.6766e+00    6.2869e+00   -2.5613e-01   -2.0977e-02
  244.3    4.3795e+00    6.2869e+00   -3.0339e-01   -3.0656e-02
  247.3    4.4977e+00    6.2869e+00   -2.8459e-01   -2.2491e-02
  250.3    4.4210e+00    6.2869e+00   -2.9680e-01   -1.8060e-02
  253.3    4.4757e+00    6.2869e+00   -2.8809e-01    1.1912e-02
   6    41  13.77   33.0    1.0    0.0   ----------------------------
  133.3    6.0332e+00    6.2002e+00   -2.6927e-02   -2.1670e-02
  136.3    6.8446e+00    6.2002e+00    1.0393e-01   -9.7323e-03
  139.3    7.6008e+00    6.2002e+00    2.2590e-01    9.1341e-03
  142.3    8.2306e+00    6.2002e+00    3.2748e-01    1.9922e-02
  145.3    8.7270e+00    6.2002e+00    4.0753e-01    2.4366e-02
  148.3    8.6423e+00    6.2002e+00    3.9388e-01    2.3468e-02
  151.3    7.5292e+00    6.2002e+00    2.1435e-01    1.2269e-02
  154.3    6.2977e+00    6.2002e+00    1.5723e-02   -5.5854e-04
  157.3    5.9604e+00    6.2002e+00   -3.8682e-02   -1.2885e-02
  160.3    5.1863e+00    6.2002e+00   -1.6353e-01   -1.6602e-02
  163.3    4.7160e+00    6.2002e+00   -2.3938e-01   -1.6327e-02
  166.3    4.8782e+00    6.2002e+00   -2.1322e-01   -3.7161e-03
  169.3    5.9152e+00    6.2002e+00   -4.5958e-02    1.2036e-03
  172.3    6.8925e+00    6.2002e+00    1.1165e-01    4.5773e-03
  175.3    6.6294e+00    6.2002e+00    6.9218e-02    5.2662e-03
  178.3    5.8898e+00    6.2002e+00   -5.0067e-02    3.1445e-03
  181.3    5.8216e+00    6.2002e+00   -6.1059e-02   -3.2742e-03
  184.3    6.4739e+00    6.2002e+00    4.4145e-02   -2.3723e-03
  187.3    6.9658e+00    6.2002e+00    1.2348e-01   -6.9634e-03
  190.3    6.1778e+00    6.2002e+00   -3.6085e-03   -1.0913e-02
  193.3    5.0654e+00    6.2002e+00   -1.8302e-01   -1.8281e-02
  196.3    4.6841e+00    6.2002e+00   -2.4452e-01   -2.7052e-02
  199.3    5.1581e+00    6.2002e+00   -1.6807e-01   -2.4724e-02
  202.3    5.9518e+00    6.2002e+00   -4.0064e-02   -1.5698e-02
  205.3    6.4164e+00    6.2002e+00    3.4872e-02   -7.8433e-03
  208.3    7.4526e+00    6.2002e+00    2.0199e-01    2.8654e-03
  211.3    8.5795e+00    6.2002e+00    3.8374e-01    1.6885e-02
  214.3    8.8617e+00    6.2002e+00    4.2927e-01    2.5478e-02
  217.3    8.3317e+00    6.2002e+00    3.4377e-01    2.5269e-02
  220.3    7.7110e+00    6.2002e+00    2.4367e-01    2.1046e-02
  223.3    7.0029e+00    6.2002e+00    1.2946e-01    2.0104e-02
  226.3    6.0949e+00    6.2002e+00   -1.6989e-02    1.5582e-02
  229.3    5.4099e+00    6.2002e+00   -1.2746e-01   -1.8837e-04
  232.3    4.6597e+00    6.2002e+00   -2.4847e-01   -1.1622e-03
  235.3    4.3094e+00    6.2002e+00   -3.0495e-01   -3.2565e-03
  238.3    4.6143e+00    6.2002e+00   -2.5578e-01   -8.8196e-03
  241.3    4.7991e+00    6.2002e+00   -2.2598e-01   -1.5532e-02
  244.3    4.4470e+00    6.2002e+00   -2.8277e-01   -1.1532e-02
  247.3    4.0962e+00    6.2002e+00   -3.3934e-01   -8.1033e-03
  250.3    4.3790e+00    6.2002e+00   -2.9373e-01   -7.3992e-04
  253.3    4.7712e+00    6.2002e+00   -2.3047e-01    1.7365e-02
   7    41  13.77   36.0    1.0    0.0   ----------------------------
  133.3    5.3845e+00    6.3440e+00   -1.5125e-01   -4.1372e-02
  136.3    7.3016e+00    6.3440e+00    1.5095e-01   -3.4517e-03
  139.3    8.9996e+00    6.3440e+00    4.1860e-01    5.9992e-03
  142.3    9.3679e+00    6.3440e+00    4.7666e-01    2.1355e-02
  145.3    8.8496e+00    6.3440e+00    3.9496e-01    1.9698e-02
  148.3    9.1195e+00    6.3440e+00    4.3751e-01    1.4823e-02
  151.3    8.7744e+00    6.3440e+00    3.8311e-01    9.1242e-03
  154.3    7.4382e+00    6.3440e+00    1.7249e-01   -2.1021e-03
  157.3    6.5503e+00    6.3440e+00    3.2526e-02   -1.2825e-02
  160.3    5.2982e+00    6.3440e+00   -1.6485e-01   -7.8276e-03
  163.3    5.0536e+00    6.3440e+00   -2.0340e-01   -3.2283e-03
  166.3    5.5222e+00    6.3440e+00   -1.2953e-01    8.0468e-04
  169.3    5.7318e+00    6.3440e+00   -9.6497e-02    7.2956e-03
  172.3    5.8967e+00    6.3440e+00   -7.0500e-02    1.1118e-02
  175.3    5.8916e+00    6.3440e+00   -7.1304e-02    6.3593e-03
  178.3    6.0047e+00    6.3440e+00   -5.3485e-02    3.3845e-03
  181.3    5.9834e+00    6.3440e+00   -5.6838e-02    3.0314e-03
  184.3    5.8557e+00    6.3440e+00   -7.6967e-02   -1.8061e-03
  187.3    5.8143e+00    6.3440e+00   -8.3493e-02   -8.7467e-03
  190.3    5.8994e+00    6.3440e+00   -7.0076e-02   -9.1564e-03
  193.3    5.5227e+00    6.3440e+00   -1.2946e-01   -1.3849e-02
  196.3    4.9452e+00    6.3440e+00   -2.2048e-01   -2.0257e-02
  199.3    5.1625e+00    6.3440e+00   -1.8623e-01   -2.3319e-02
  202.3    6.4744e+00    6.3440e+00    2.0554e-02   -1.0931e-02
  205.3    7.3102e+00    6.3440e+00    1.5231e-01   -2.3515e-03
  208.3    8.6843e+00    6.3440e+00    3.6891e-01    8.9736e-03
  211.3    9.0699e+00    6.3440e+00    4.2968e-01    1.3431e-02
  214.3    8.8044e+00    6.3440e+00    3.8784e-01    2.5601e-02
  217.3    9.0849e+00    6.3440e+00    4.3205e-01    2.3894e-02
  220.3    8.7909e+00    6.3440e+00    3.8571e-01    1.6953e-02
  223.3    7.5966e+00    6.3440e+00    1.9746e-01    1.0897e-02
  226.3    5.3872e+00    6.3440e+00   -1.5081e-01    7.3986e-03
  229.3    4.4593e+00    6.3440e+00   -2.9708e-01   -6.4380e-04
  232.3    3.9773e+00    6.3440e+00   -3.7306e-01   -1.3175e-02
  235.3    3.5799e+00    6.3440e+00   -4.3570e-01   -1.3768e-02
  238.3    3.7107e+00    6.3440e+00   -4.1509e-01   -1.1672e-02
  241.3    3.7399e+00    6.3440e+00   -4.1048e-01   -7.4943e-03
  244.3    3.7352e+00    6.3440e+00   -4.1122e-01   -5.6210e-03
  247.3    4.0980e+00    6.3440e+00   -3.5403e-01    3.0027e-03
  250.3    5.4496e+00    6.3440e+00   -1.4098e-01    6.0384e-03
  253.3    5.7825e+00    6.3440e+00   -8.8504e-02   -5.5834e-03
   8    41  13.77   39.0    1.0    0.0   ----------------------------
  133.3    3.8561e+00    5.3251e+00   -2.7585e-01   -4.4139e-02
  136.3    5.4255e+00    5.3251e+00    1.8849e-02   -1.1840e-02
  139.3    6.8452e+00    5.3251e+00    2.8546e-01    1.5908e-03
  142.3    6.7026e+00    5.3251e+00    2.5869e-01    1.4915e-02
  145.3    5.8720e+00    5.3251e+00    1.0271e-01    2.0445e-02
  148.3    6.2397e+00    5.3251e+00    1.7176e-01    1.4909e-02
  151.3    7.1214e+00    5.3251e+00    3.3734e-01    8.6228e-03
  154.3    6.4874e+00    5.3251e+00    2.1826e-01    5.0767e-03
  157.3    5.1727e+00    5.3251e+00   -2.8623e-02   -3.6777e-03
  160.3    4.7781e+00    5.3251e+00   -1.0271e-01   -5.7461e-03
  163.3    4.5546e+00    5.3251e+00   -1.4469e-01   -2.2603e-03
  166.3    4.7756e+00    5.3251e+00   -1.0319e-01    2.6506e-03
  169.3    5.5720e+00    5.3251e+00    4.6359e-02    5.8574e-03
  172.3    5.9349e+00    5.3251e+00    1.1453e-01    1.4476e-02
  175.3    5.5790e+00    5.3251e+00    4.7682e-02    1.4814e-02
  178.3    5.7633e+00    5.3251e+00    8.2286e-02    1.9337e-02
  181.3    5.6983e+00    5.3251e+00    7.0078e-02    1.2039e-02
  184.3    5.3202e+00    5.3251e+00   -9.0909e-04    6.1542e-03
  187.3    5.8738e+00    5.3251e+00    1.0305e-01   -1.8557e-03
  190.3    5.8221e+00    5.3251e+00    9.3327e-02   -1.0298e-02
  193.3    4.8324e+00    5.3251e+00   -9.2525e-02   -1.9957e-02
  196.3    4.4122e+00    5.3251e+00   -1.7143e-01   -1.9722e-02
  199.3    4.7159e+00    5.3251e+00   -1.1439e-01   -1.9380e-02
  202.3    5.0485e+00    5.3251e+00   -5.1945e-02   -1.5588e-02
  205.3    6.2443e+00    5.3251e+00    1.7261e-01   -5.5445e-03
  208.3    7.2325e+00    5.3251e+00    3.5819e-01    4.3153e-03
  211.3    6.3742e+00    5.3251e+00    1.9702e-01    1.0733e-02
  214.3    5.9703e+00    5.3251e+00    1.2116e-01    8.5741e-03
  217.3    6.6583e+00    5.3251e+00    2.5037e-01    1.1669e-02
  220.3    6.6065e+00    5.3251e+00    2.4064e-01    3.2097e-03
  223.3    5.2724e+00    5.3251e+00   -9.8881e-03   -4.4586e-03
  226.3    3.8160e+00    5.3251e+00   -2.8338e-01   -1.5081e-02
  229.3    3.2261e+00    5.3251e+00   -3.9418e-01   -1.5539e-02
  232.3    3.1239e+00    5.3251e+00   -4.1337e-01   -1.5896e-02
  235.3    3.2478e+00    5.3251e+00   -3.9009e-01   -1.4592e-02
  238.3    3.6580e+00    5.3251e+00   -3.1306e-01   -1.7631e-02
  241.3    3.9341e+00    5.3251e+00   -2.6122e-01   -9.9064e-03
  244.3    3.9631e+00    5.3251e+00   -2.5576e-01    1.3127e-03
  247.3    4.9309e+00    5.3251e+00   -7.4024e-02    3.9949e-03
  250.3    5.7784e+00    5.3251e+00    8.5137e-02    3.6910e-02
  253.3    5.8882e+00    5.3251e+00    1.0575e-01    3.1505e-02
   9    41  13.77   42.0    1.0    0.0   ----------------------------
  133.3    3.4473e+00    4.6436e+00   -2.5762e-01   -4.6981e-02
  136.3    3.7123e+00    4.6436e+00   -2.0057e-01   -1.8310e-02
  139.3    3.7993e+00    4.6436e+00   -1.8183e-01   -6.3150e-03
  142.3    3.6445e+00    4.6436e+00   -2.1516e-01    1.2770e-02
  145.3    3.8492e+00    4.6436e+00   -1.7107e-01    2.1288e-02
  148.3    4.6195e+00    4.6436e+00   -5.2025e-03    1.5902e-02
  151.3    5.3169e+00    4.6436e+00    1.4498e-01    1.1947e-02
  154.3    5.0913e+00    4.6436e+00    9.6404e-02    1.4172e-02
  157.3    4.6693e+00    4.6436e+00    5.5375e-03    3.4258e-03
  160.3    4.3339e+00    4.6436e+00   -6.6696e-02    1.7363e-03
  163.3    4.6757e+00    4.6436e+00    6.8960e-03    7.7861e-03
  166.3    4.5509e+00    4.6436e+00   -1.9969e-02    1.2569e-02
  169.3    4.2734e+00    4.6436e+00   -7.9739e-02    1.3972e-02
  172.3    5.0898e+00    4.6436e+00    9.6083e-02    1.7346e-02
  175.3    5.2866e+00    4.6436e+00    1.3847e-01    1.9090e-02
  178.3    4.6148e+00    4.6436e+00   -6.2175e-03    1.8293e-02
  181.3    4.4489e+00    4.6436e+00   -4.1943e-02    1.3066e-02
  184.3    5.1826e+00    4.6436e+00    1.1607e-01    8.7401e-03
  187.3    5.2110e+00    4.6436e+00    1.2219e-01    1.2967e-03
  190.3    4.4279e+00    4.6436e+00   -4.6448e-02   -1.0283e-02
  193.3    4.5482e+00    4.6436e+00   -2.0560e-02   -1.8714e-02
  196.3    4.7548e+00    4.6436e+00    2.3941e-02   -2.1297e-02
  199.3    4.3323e+00    4.6436e+00   -6.7053e-02   -2.7317e-02
  202.3    4.4921e+00    4.6436e+00   -3.2623e-02   -2.8270e-02
  205.3    5.0904e+00    4.6436e+00    9.6202e-02   -2.0947e-02
  208.3    5.3897e+00    4.6436e+00    1.6067e-01   -1.6140e-02
  211.3    4.6859e+00    4.6436e+00    9.0990e-03   -1.3378e-02
  214.3    3.9822e+00    4.6436e+00   -1.4243e-01   -9.2692e-03
  217.3    3.7101e+00    4.6436e+00   -2.0103e-01   -1.2865e-03
  220.3    3.7362e+00    4.6436e+00   -1.9540e-01   -9.1783e-03
  223.3    3.7278e+00    4.6436e+00   -1.9721e-01   -1.1030e-02
  226.3    3.5087e+00    4.6436e+00   -2.4441e-01   -1.6752e-02
  229.3    3.4810e+00    4.6436e+00   -2.5036e-01   -2.2328e-02
  232.3    3.7292e+00    4.6436e+00   -1.9692e-01   -2.5595e-02
  235.3    4.2739e+00    4.6436e+00   -7.9612e-02   -1.5733e-02
  238.3    4.7908e+00    4.6436e+00    3.1693e-02   -9.1867e-03
  241.3    4.9435e+00    4.6436e+00    6.4583e-02    5.8419e-03
  244.3    5.6826e+00    4.6436e+00    2.2374e-01    2.1169e-02
  247.3    7.3830e+00    4.6436e+00    5.8992e-01    3.4561e-02
  250.3    7.2758e+00    4.6436e+00    5.6683e-01    3.2588e-02
  253.3    6.6254e+00    4.6436e+00    4.2677e-01    6.0747e-02
  10    41  13.77   45.0    1.0    0.0   ----------------------------
  133.3    3.5101e+00    4.4664e+00   -2.1412e-01   -2.2739e-02
  136.3    3.4338e+00    4.4664e+00   -2.3120e-01   -3.5371e-02
  139.3    3.3272e+00    4.4664e+00   -2.5505e-01   -1.3580e-03
  142.3    3.3892e+00    4.4664e+00   -2.4118e-01    6.6545e-03
  145.3    4.2183e+00    4.4664e+00   -5.5560e-02    1.6003e-02
  148.3    4.8135e+00    4.4664e+00    7.7720e-02    1.2262e-02
  151.3    4.5501e+00    4.4664e+00    1.8745e-02    1.4676e-02
  154.3    4.0653e+00    4.4664e+00   -8.9811e-02    1.4208e-02
  157.3    3.9990e+00    4.4664e+00   -1.0466e-01    9.0875e-03
  160.3    3.9660e+00    4.4664e+00   -1.1204e-01    8.3976e-03
  163.3    4.0237e+00    4.4664e+00   -9.9116e-02    1.9196e-02
  166.3    4.0597e+00    4.4664e+00   -9.1063e-02    1.2572e-02
  169.3    4.4551e+00    4.4664e+00   -2.5326e-03    1.4031e-02
  172.3    4.8502e+00    4.4664e+00    8.5932e-02    1.9769e-02
  175.3    4.6711e+00    4.4664e+00    4.5820e-02    2.0668e-02
  178.3    4.0255e+00    4.4664e+00   -9.8706e-02    1.4197e-02
  181.3    3.9666e+00    4.4664e+00   -1.1191e-01    1.1315e-02
  184.3    4.6188e+00    4.4664e+00    3.4117e-02    7.4842e-03
  187.3    4.8065e+00    4.4664e+00    7.6137e-02   -5.0609e-03
  190.3    4.5503e+00    4.4664e+00    1.8792e-02   -1.0072e-02
  193.3    4.1095e+00    4.4664e+00   -7.9908e-02   -2.0964e-02
  196.3    4.0732e+00    4.4664e+00   -8.8039e-02   -2.6008e-02
  199.3    3.9969e+00    4.4664e+00   -1.0512e-01   -2.8911e-02
  202.3    3.9415e+00    4.4664e+00   -1.1751e-01   -2.4037e-02
  205.3    4.0127e+00    4.4664e+00   -1.0159e-01   -2.2792e-02
  208.3    4.2893e+00    4.4664e+00   -3.9648e-02   -2.0055e-02
  211.3    4.4206e+00    4.4664e+00   -1.0264e-02   -2.0589e-02
  214.3    4.0180e+00    4.4664e+00   -1.0040e-01   -2.0191e-02
  217.3    3.3880e+00    4.4664e+00   -2.4146e-01   -2.5356e-02
  220.3    3.3411e+00    4.4664e+00   -2.5196e-01   -2.9082e-02
  223.3    3.5137e+00    4.4664e+00   -2.1330e-01   -2.8502e-02
  226.3    3.5197e+00    4.4664e+00   -2.1196e-01   -2.5457e-02
  229.3    3.8243e+00    4.4664e+00   -1.4376e-01   -2.5995e-02
  232.3    4.9228e+00    4.4664e+00    1.0219e-01   -1.2606e-02
  235.3    6.2764e+00    4.4664e+00    4.0524e-01   -6.5020e-03
  238.3    6.6183e+00    4.4664e+00    4.8181e-01    8.9237e-04
  241.3    5.9973e+00    4.4664e+00    3.4276e-01    1.7564e-02
  244.3    5.1325e+00    4.4664e+00    1.4913e-01    3.2524e-02
  247.3    5.9909e+00    4.4664e+00    3.4132e-01    4.2664e-02
  250.3    6.7059e+00    4.4664e+00    5.0142e-01    4.6990e-02
  253.3    7.7302e+00    4.4664e+00    7.3074e-01    7.0490e-02
  11    41  13.77   48.0    1.0    0.0   ----------------------------
  133.3    4.5607e+00    4.4327e+00    2.8880e-02   -2.0902e-02
  136.3    3.7297e+00    4.4327e+00   -1.5858e-01   -2.1047e-02
  139.3    2.9030e+00    4.4327e+00   -3.4509e-01   -8.3941e-03
  142.3    2.8834e+00    4.4327e+00   -3.4952e-01   -1.1746e-03
  145.3    3.4714e+00    4.4327e+00   -2.1687e-01    6.7680e-03
  148.3    3.7444e+00    4.4327e+00   -1.5527e-01    1.4869e-02
  151.3    3.5476e+00    4.4327e+00   -1.9966e-01    2.0689e-02
  154.3    3.9835e+00    4.4327e+00   -1.0134e-01    2.1085e-02
  157.3    4.1089e+00    4.4327e+00   -7.3046e-02    1.5494e-02
  160.3    3.5654e+00    4.4327e+00   -1.9565e-01    1.1136e-02
  163.3    3.8560e+00    4.4327e+00   -1.3010e-01    9.5719e-03
  166.3    4.0605e+00    4.4327e+00   -8.3956e-02    4.6037e-03
  169.3    5.3804e+00    4.4327e+00    2.1381e-01    7.1307e-06
  172.3    5.9565e+00    4.4327e+00    3.4377e-01    5.5203e-03
  175.3    5.2153e+00    4.4327e+00    1.7655e-01    8.3997e-03
  178.3    4.9421e+00    4.4327e+00    1.1493e-01    5.4848e-03
  181.3    4.9295e+00    4.4327e+00    1.1209e-01    2.2517e-03
  184.3    5.1417e+00    4.4327e+00    1.5994e-01    6.1977e-03
  187.3    5.7071e+00    4.4327e+00    2.8751e-01    3.7846e-04
  190.3    5.4013e+00    4.4327e+00    2.1852e-01   -7.9770e-03
  193.3    4.1113e+00    4.4327e+00   -7.2510e-02   -1.7018e-02
  196.3    3.8185e+00    4.4327e+00   -1.3855e-01   -1.2898e-02
  199.3    3.6004e+00    4.4327e+00   -1.8776e-01   -1.3000e-02
  202.3    4.0186e+00    4.4327e+00   -9.3416e-02   -9.1011e-03
  205.3    4.0029e+00    4.4327e+00   -9.6947e-02   -4.2175e-03
  208.3    3.5385e+00    4.4327e+00   -2.0173e-01   -3.7292e-03
  211.3    3.4845e+00    4.4327e+00   -2.1390e-01   -1.0342e-02
  214.3    3.3490e+00    4.4327e+00   -2.4448e-01   -2.4468e-02
  217.3    2.9575e+00    4.4327e+00   -3.3280e-01   -3.5705e-02
  220.3    2.9140e+00    4.4327e+00   -3.4261e-01   -3.6801e-02
  223.3    3.4873e+00    4.4327e+00   -2.1327e-01   -3.0930e-02
  226.3    4.1722e+00    4.4327e+00   -5.8769e-02   -2.9108e-02
  229.3    4.4964e+00    4.4327e+00    1.4374e-02   -5.7653e-03
  232.3    5.2958e+00    4.4327e+00    1.9471e-01    1.1155e-02
  235.3    6.6551e+00    4.4327e+00    5.0136e-01    2.5858e-02
  238.3    6.6644e+00    4.4327e+00    5.0347e-01    2.2143e-02
  241.3    5.7847e+00    4.4327e+00    3.0500e-01    2.4517e-02
  244.3    4.5627e+00    4.4327e+00    2.9325e-02    1.6768e-02
  247.3    4.5453e+00    4.4327e+00    2.5408e-02    1.5704e-02
  250.3    5.9075e+00    4.4327e+00    3.3273e-01    1.6032e-02
  253.3    7.2849e+00    4.4327e+00    6.4344e-01    2.7944e-02
  12    41  13.77   51.0    1.0    0.0   ----------------------------
  133.3    4.0878e+00    4.6085e+00   -1.1298e-01   -2.3184e-02
  136.3    3.7242e+00    4.6085e+00   -1.9187e-01   -1.6265e-02
  139.3    4.3346e+00    4.6085e+00   -5.9438e-02   -7.2438e-03
  142.3    4.4383e+00    4.6085e+00   -3.6922e-02   -2.7109e-03
  145.3    3.8896e+00    4.6085e+00   -1.5598e-01   -5.0986e-04
  148.3    3.1949e+00    4.6085e+00   -3.0674e-01    3.9003e-03
  151.3    2.9532e+00    4.6085e+00   -3.5919e-01    3.6533e-03
  154.3    2.9407e+00    4.6085e+00   -3.6190e-01    2.9014e-03
  157.3    3.4908e+00    4.6085e+00   -2.4253e-01    5.5964e-03
  160.3    3.7768e+00    4.6085e+00   -1.8047e-01    1.0115e-02
  163.3    4.1341e+00    4.6085e+00   -1.0294e-01    1.1412e-02
  166.3    4.5157e+00    4.6085e+00   -2.0139e-02    1.5229e-02
  169.3    6.5552e+00    4.6085e+00    4.2242e-01    2.3493e-02
  172.3    7.2174e+00    4.6085e+00    5.6612e-01    3.0580e-02
  175.3    6.0009e+00    4.6085e+00    3.0215e-01    3.3507e-02
  178.3    5.4736e+00    4.6085e+00    1.8773e-01    3.2697e-02
  181.3    5.3765e+00    4.6085e+00    1.6665e-01    2.8632e-02
  184.3    5.8970e+00    4.6085e+00    2.7960e-01    2.0098e-02
  187.3    7.0479e+00    4.6085e+00    5.2933e-01    8.8357e-03
  190.3    6.7248e+00    4.6085e+00    4.5924e-01   -1.5347e-03
  193.3    4.6275e+00    4.6085e+00    4.1384e-03   -1.7903e-02
  196.3    4.2473e+00    4.6085e+00   -7.8361e-02   -2.5690e-02
  199.3    3.7299e+00    4.6085e+00   -1.9064e-01   -3.3817e-02
  202.3    3.5423e+00    4.6085e+00   -2.3135e-01   -4.1772e-02
  205.3    3.0367e+00    4.6085e+00   -3.4106e-01   -4.5072e-02
  208.3    2.8774e+00    4.6085e+00   -3.7563e-01   -3.8862e-02
  211.3    3.1198e+00    4.6085e+00   -3.2302e-01   -4.0009e-02
  214.3    3.7563e+00    4.6085e+00   -1.8492e-01   -3.5762e-02
  217.3    4.3417e+00    4.6085e+00   -5.7889e-02   -2.4845e-02
  220.3    4.1661e+00    4.6085e+00   -9.5996e-02   -1.4597e-02
  223.3    3.7046e+00    4.6085e+00   -1.9613e-01   -1.5304e-02
  226.3    3.8569e+00    4.6085e+00   -1.6308e-01   -5.7762e-03
  229.3    4.1091e+00    4.6085e+00   -1.0836e-01    6.0123e-03
  232.3    4.6512e+00    4.6085e+00    9.2711e-03    5.2523e-03
  235.3    5.8875e+00    4.6085e+00    2.7753e-01   -4.3195e-03
  238.3    6.3155e+00    4.6085e+00    3.7040e-01    8.4369e-03
  241.3    5.7115e+00    4.6085e+00    2.3934e-01    1.4782e-02
  244.3    4.6954e+00    4.6085e+00    1.8864e-02    1.3217e-02
  247.3    4.1505e+00    4.6085e+00   -9.9383e-02    2.5013e-02
  250.3    5.8952e+00    4.6085e+00    2.7920e-01    2.4369e-02
  253.3    6.7510e+00    4.6085e+00    4.6492e-01    6.7447e-02
  13    41  13.77   54.0    1.0    0.0   ----------------------------
  133.3    3.6420e+00    4.9062e+00   -2.5768e-01   -3.5975e-02
  136.3    4.2335e+00    4.9062e+00   -1.3712e-01   -1.1785e-02
  139.3    6.9959e+00    4.9062e+00    4.2593e-01   -3.2628e-03
  142.3    8.4024e+00    4.9062e+00    7.1262e-01    3.4194e-03
  145.3    7.2875e+00    4.9062e+00    4.8537e-01    7.3442e-03
  148.3    6.3487e+00    4.9062e+00    2.9402e-01    5.4029e-03
  151.3    4.9740e+00    4.9062e+00    1.3823e-02    3.1748e-03
  154.3    3.1360e+00    4.9062e+00   -3.6080e-01    4.7066e-04
  157.3    3.1761e+00    4.9062e+00   -3.5263e-01    3.2290e-03
  160.3    3.6839e+00    4.9062e+00   -2.4913e-01    8.0890e-04
  163.3    3.8394e+00    4.9062e+00   -2.1745e-01    1.9283e-03
  166.3    3.8651e+00    4.9062e+00   -2.1220e-01    1.1403e-02
  169.3    5.8655e+00    4.9062e+00    1.9554e-01    2.1877e-02
  172.3    7.3237e+00    4.9062e+00    4.9274e-01    3.0490e-02
  175.3    6.2776e+00    4.9062e+00    2.7953e-01    3.5508e-02
  178.3    5.2323e+00    4.9062e+00    6.6471e-02    3.8446e-02
  181.3    5.2624e+00    4.9062e+00    7.2613e-02    3.1099e-02
  184.3    6.0494e+00    4.9062e+00    2.3301e-01    1.8849e-02
  187.3    7.3169e+00    4.9062e+00    4.9136e-01    2.3283e-03
  190.3    6.1773e+00    4.9062e+00    2.5907e-01   -1.1368e-02
  193.3    4.0373e+00    4.9062e+00   -1.7711e-01   -2.6884e-02
  196.3    3.7874e+00    4.9062e+00   -2.2804e-01   -2.8384e-02
  199.3    3.5418e+00    4.9062e+00   -2.7810e-01   -3.6056e-02
  202.3    3.2222e+00    4.9062e+00   -3.4324e-01   -3.3252e-02
  205.3    2.9623e+00    4.9062e+00   -3.9621e-01   -2.5614e-02
  208.3    4.3538e+00    4.9062e+00   -1.1260e-01   -1.9263e-02
  211.3    6.1306e+00    4.9062e+00    2.4957e-01   -1.1385e-02
  214.3    6.8464e+00    4.9062e+00    3.9547e-01   -9.4322e-03
  217.3    8.0035e+00    4.9062e+00    6.3131e-01   -1.4003e-02
  220.3    6.7789e+00    4.9062e+00    3.8171e-01   -1.3490e-02
  223.3    4.2327e+00    4.9062e+00   -1.3727e-01   -1.2532e-02
  226.3    3.5595e+00    4.9062e+00   -2.7450e-01   -2.0933e-02
  229.3    3.5893e+00    4.9062e+00   -2.6841e-01   -1.7609e-02
  232.3    3.7891e+00    4.9062e+00   -2.2769e-01   -1.5847e-02
  235.3    4.0974e+00    4.9062e+00   -1.6486e-01   -1.4836e-02
  238.3    4.5147e+00    4.9062e+00   -7.9794e-02   -9.9347e-03
  241.3    4.3629e+00    4.9062e+00   -1.1073e-01   -4.8896e-03
  244.3    3.5536e+00    4.9062e+00   -2.7569e-01    7.1572e-03
  247.3    2.9788e+00    4.9062e+00   -3.9286e-01    3.1227e-02
  250.3    3.5392e+00    4.9062e+00   -2.7862e-01    3.2489e-02
  253.3    4.1830e+00    4.9062e+00   -1.4740e-01    9.0083e-02
  14    41  13.77   57.0    1.0    0.0   ----------------------------
  133.3    2.9987e+00    4.9028e+00   -3.8837e-01   -4.7879e-02
  136.3    4.8484e+00    4.9028e+00   -1.1093e-02   -5.5023e-03
  139.3    8.1343e+00    4.9028e+00    6.5911e-01    1.8023e-03
  142.3    1.0972e+01    4.9028e+00    1.2379e+00    1.5962e-02
  145.3    1.0708e+01    4.9028e+00    1.1841e+00    1.2912e-02
  148.3    8.9515e+00    4.9028e+00    8.2578e-01    1.0731e-02
  151.3    5.9701e+00    4.9028e+00    2.1768e-01    3.7063e-03
  154.3    3.3867e+00    4.9028e+00   -3.0923e-01   -3.4645e-03
  157.3    2.2996e+00    4.9028e+00   -5.3097e-01   -1.2538e-02
  160.3    2.6120e+00    4.9028e+00   -4.6725e-01   -6.5719e-03
  163.3    2.6905e+00    4.9028e+00   -4.5123e-01   -5.4527e-03
  166.3    3.2155e+00    4.9028e+00   -3.4416e-01    4.6649e-03
  169.3    5.2708e+00    4.9028e+00    7.5060e-02    1.5402e-02
  172.3    6.4095e+00    4.9028e+00    3.0731e-01    2.5071e-02
  175.3    5.1653e+00    4.9028e+00    5.3541e-02    2.6456e-02
  178.3    4.1422e+00    4.9028e+00   -1.5515e-01    2.9522e-02
  181.3    4.0211e+00    4.9028e+00   -1.7983e-01    2.5626e-02
  184.3    5.0591e+00    4.9028e+00    3.1881e-02    1.2637e-02
  187.3    6.4196e+00    4.9028e+00    3.0936e-01    6.3396e-03
  190.3    5.6197e+00    4.9028e+00    1.4622e-01   -1.6279e-03
  193.3    3.3819e+00    4.9028e+00   -3.1023e-01   -1.3269e-02
  196.3    2.8929e+00    4.9028e+00   -4.0995e-01   -2.4090e-02
  199.3    2.5808e+00    4.9028e+00   -4.7361e-01   -2.6870e-02
  202.3    2.3019e+00    4.9028e+00   -5.3050e-01   -2.4001e-02
  205.3    3.1962e+00    4.9028e+00   -3.4809e-01   -1.6897e-02
  208.3    5.5805e+00    4.9028e+00    1.3821e-01   -1.2859e-02
  211.3    8.5588e+00    4.9028e+00    7.4569e-01   -3.4800e-04
  214.3    1.0552e+01    4.9028e+00    1.1522e+00    1.2033e-02
  217.3    1.0952e+01    4.9028e+00    1.2337e+00    6.4169e-03
  220.3    8.3771e+00    4.9028e+00    7.0863e-01    4.4865e-03
  223.3    5.1351e+00    4.9028e+00    4.7370e-02   -5.7357e-03
  226.3    3.0203e+00    4.9028e+00   -3.8397e-01   -1.3116e-02
  229.3    2.6554e+00    4.9028e+00   -4.5840e-01   -2.2605e-02
  232.3    3.1058e+00    4.9028e+00   -3.6652e-01   -2.4187e-02
  235.3    2.9085e+00    4.9028e+00   -4.0677e-01   -2.0752e-02
  238.3    2.8700e+00    4.9028e+00   -4.1462e-01   -6.3924e-03
  241.3    2.7918e+00    4.9028e+00   -4.3058e-01   -1.2986e-02
  244.3    2.6509e+00    4.9028e+00   -4.5931e-01   -1.7873e-03
  247.3    2.7534e+00    4.9028e+00   -4.3841e-01    1.2938e-02
  250.3    2.6910e+00    4.9028e+00   -4.5114e-01    3.8170e-02
  253.3    3.1659e+00    4.9028e+00   -3.5428e-01    4.4055e-02
  15    41  13.77   60.0    1.0    0.0   ----------------------------
  133.3    3.5076e+00    4.7275e+00   -2.5805e-01   -6.3249e-02
  136.3    5.8220e+00    4.7275e+00    2.3152e-01   -3.7014e-02
  139.3    8.0897e+00    4.7275e+00    7.1119e-01   -1.2134e-03
  142.3    1.1693e+01    4.7275e+00    1.4734e+00    2.1335e-02
  145.3    1.3110e+01    4.7275e+00    1.7731e+00    3.0103e-02
  148.3    1.0137e+01    4.7275e+00    1.1442e+00    3.0832e-02
  151.3    6.6172e+00    4.7275e+00    3.9972e-01    2.7887e-02
  154.3    4.3101e+00    4.7275e+00   -8.8292e-02    1.5114e-02
  157.3    2.2754e+00    4.7275e+00   -5.1870e-01    1.8739e-03
  160.3    1.7825e+00    4.7275e+00   -6.2296e-01    1.8161e-03
  163.3    1.8412e+00    4.7275e+00   -6.1053e-01    3.0276e-03
  166.3    2.1663e+00    4.7275e+00   -5.4177e-01   -9.6810e-04
  169.3    3.4356e+00    4.7275e+00   -2.7328e-01    6.4114e-03
  172.3    4.4887e+00    4.7275e+00   -5.0513e-02    1.0732e-02
  175.3    4.0058e+00    4.7275e+00   -1.5267e-01    1.5516e-02
  178.3    3.0322e+00    4.7275e+00   -3.5861e-01    1.3781e-02
  181.3    2.9303e+00    4.7275e+00   -3.8016e-01    1.1773e-02
  184.3    3.8516e+00    4.7275e+00   -1.8528e-01    1.7261e-05
  187.3    4.5235e+00    4.7275e+00   -4.3151e-02   -8.7524e-03
  190.3    3.6343e+00    4.7275e+00   -2.3126e-01   -1.3059e-02
  193.3    2.3482e+00    4.7275e+00   -5.0329e-01   -2.4923e-02
  196.3    1.9263e+00    4.7275e+00   -5.9253e-01   -3.0239e-02
  199.3    1.7340e+00    4.7275e+00   -6.3321e-01   -2.3808e-02
  202.3    2.0803e+00    4.7275e+00   -5.5995e-01   -1.7096e-02
  205.3    3.9462e+00    4.7275e+00   -1.6527e-01   -1.1907e-02
  208.3    5.8656e+00    4.7275e+00    2.4072e-01    3.5565e-03
  211.3    9.4535e+00    4.7275e+00    9.9967e-01    1.4541e-02
  214.3    1.2642e+01    4.7275e+00    1.6741e+00    2.1219e-02
  217.3    1.1825e+01    4.7275e+00    1.5012e+00    2.5994e-02
  220.3    8.2206e+00    4.7275e+00    7.3889e-01    1.3789e-02
  223.3    5.8615e+00    4.7275e+00    2.3986e-01    2.6456e-03
  226.3    3.4341e+00    4.7275e+00   -2.7360e-01   -6.5837e-03
  229.3    2.4452e+00    4.7275e+00   -4.8277e-01   -2.2317e-02
  232.3    2.7251e+00    4.7275e+00   -4.2357e-01   -2.7639e-02
  235.3    2.4465e+00    4.7275e+00   -4.8250e-01   -2.7946e-02
  238.3    2.4916e+00    4.7275e+00   -4.7296e-01   -2.5150e-02
  241.3    2.3239e+00    4.7275e+00   -5.0842e-01   -2.2291e-02
  244.3    2.0505e+00    4.7275e+00   -5.6626e-01    1.2602e-03
  247.3    2.4968e+00    4.7275e+00   -4.7187e-01    5.6559e-03
  250.3    3.0188e+00    4.7275e+00   -3.6145e-01    7.5340e-02
  253.3    3.2394e+00    4.7275e+00   -3.1477e-01    9.9324e-03
  16    41  13.77   63.0    1.0    0.0   ----------------------------
  133.3    2.7241e+00    4.0640e+00   -3.2969e-01   -2.4932e-02
  136.3    4.4494e+00    4.0640e+00    9.4821e-02    1.8700e-02
  139.3    6.5515e+00    4.0640e+00    6.1206e-01    4.3310e-03
  142.3    9.7456e+00    4.0640e+00    1.3980e+00    1.2352e-02
  145.3    1.0846e+01    4.0640e+00    1.6687e+00    5.5056e-03
  148.3    8.5030e+00    4.0640e+00    1.0923e+00    3.4124e-03
  151.3    6.2804e+00    4.0640e+00    5.4535e-01    2.8366e-03
  154.3    4.6487e+00    4.0640e+00    1.4387e-01   -7.6418e-03
  157.3    2.5978e+00    4.0640e+00   -3.6078e-01   -1.3527e-02
  160.3    2.1531e+00    4.0640e+00   -4.7021e-01   -1.4832e-02
  163.3    1.8997e+00    4.0640e+00   -5.3255e-01   -1.0508e-02
  166.3    1.8234e+00    4.0640e+00   -5.5133e-01   -5.0569e-03
  169.3    2.3151e+00    4.0640e+00   -4.3034e-01    2.5363e-03
  172.3    2.7912e+00    4.0640e+00   -3.1319e-01    1.2220e-02
  175.3    2.9306e+00    4.0640e+00   -2.7889e-01    2.5129e-02
  178.3    2.5168e+00    4.0640e+00   -3.8072e-01    2.6526e-02
  181.3    2.4463e+00    4.0640e+00   -3.9807e-01    2.3070e-02
  184.3    2.8622e+00    4.0640e+00   -2.9572e-01    1.1429e-02
  187.3    2.7384e+00    4.0640e+00   -3.2619e-01   -5.1437e-03
  190.3    2.3277e+00    4.0640e+00   -4.2725e-01   -2.1625e-02
  193.3    1.8804e+00    4.0640e+00   -5.3730e-01   -2.2569e-02
  196.3    1.7992e+00    4.0640e+00   -5.5728e-01   -2.5361e-02
  199.3    2.1364e+00    4.0640e+00   -4.7430e-01   -2.1517e-02
  202.3    2.4028e+00    4.0640e+00   -4.0878e-01   -1.1352e-02
  205.3    4.2841e+00    4.0640e+00    5.4139e-02    3.9350e-03
  208.3    5.5380e+00    4.0640e+00    3.6269e-01    3.9919e-03
  211.3    8.2552e+00    4.0640e+00    1.0313e+00    1.0393e-02
  214.3    1.0451e+01    4.0640e+00    1.5715e+00    1.0996e-02
  217.3    9.8729e+00    4.0640e+00    1.4293e+00    1.0884e-02
  220.3    7.0732e+00    4.0640e+00    7.4045e-01    1.5523e-03
  223.3    4.5808e+00    4.0640e+00    1.2716e-01    7.8002e-04
  226.3    2.9657e+00    4.0640e+00   -2.7027e-01   -8.0457e-03
  229.3    2.3574e+00    4.0640e+00   -4.1995e-01   -1.4360e-02
  232.3    2.1758e+00    4.0640e+00   -4.6463e-01   -1.8997e-02
  235.3    2.4329e+00    4.0640e+00   -4.0136e-01   -1.9478e-02
  238.3    2.6176e+00    4.0640e+00   -3.5590e-01   -1.9963e-02
  241.3    2.4509e+00    4.0640e+00   -3.9693e-01   -1.2461e-02
  244.3    2.1495e+00    4.0640e+00   -4.7109e-01    1.8020e-04
  247.3    2.2277e+00    4.0640e+00   -4.5185e-01    1.5346e-02
  250.3    2.6893e+00    4.0640e+00   -3.3827e-01    1.8738e-02
  253.3    3.1342e+00    4.0640e+00   -2.2879e-01    5.2526e-02
  17    41  13.77   66.0    1.0    0.0   ----------------------------
  133.3    2.7883e+00    3.2820e+00   -1.5043e-01   -6.1530e-02
  136.3    3.2699e+00    3.2820e+00   -3.7115e-03   -3.7590e-02
  139.3    4.6976e+00    3.2820e+00    4.3131e-01   -2.0507e-02
  142.3    5.9079e+00    3.2820e+00    8.0005e-01   -3.2994e-03
  145.3    6.1937e+00    3.2820e+00    8.8714e-01    6.0252e-03
  148.3    5.8995e+00    3.2820e+00    7.9750e-01    1.1073e-02
  151.3    4.4824e+00    3.2820e+00    3.6572e-01    1.3053e-02
  154.3    3.5728e+00    3.2820e+00    8.8596e-02    8.5838e-03
  157.3    2.7919e+00    3.2820e+00   -1.4935e-01    6.1567e-03
  160.3    2.5848e+00    3.2820e+00   -2.1244e-01    2.0982e-04
  163.3    1.9887e+00    3.2820e+00   -3.9407e-01    7.5590e-03
  166.3    1.6131e+00    3.2820e+00   -5.0851e-01    8.7458e-03
  169.3    1.7765e+00    3.2820e+00   -4.5873e-01    1.5969e-02
  172.3    1.8898e+00    3.2820e+00   -4.2420e-01    1.9460e-02
  175.3    2.4754e+00    3.2820e+00   -2.4576e-01    3.1545e-02
  178.3    2.6392e+00    3.2820e+00   -1.9587e-01    2.8210e-02
  181.3    2.5448e+00    3.2820e+00   -2.2464e-01    2.8102e-02
  184.3    2.5115e+00    3.2820e+00   -2.3476e-01    1.3966e-02
  187.3    1.8960e+00    3.2820e+00   -4.2232e-01    3.6325e-03
  190.3    1.7334e+00    3.2820e+00   -4.7187e-01   -5.7675e-03
  193.3    1.6356e+00    3.2820e+00   -5.0166e-01    1.1300e-02
  196.3    2.1024e+00    3.2820e+00   -3.5941e-01    2.5913e-04
  199.3    2.7016e+00    3.2820e+00   -1.7685e-01    7.3234e-03
  202.3    2.7172e+00    3.2820e+00   -1.7210e-01    1.4022e-02
  205.3    3.5012e+00    3.2820e+00    6.6770e-02    2.4190e-02
  208.3    4.5848e+00    3.2820e+00    3.9693e-01    4.5468e-03
  211.3    5.8641e+00    3.2820e+00    7.8673e-01    1.5017e-02
  214.3    6.4018e+00    3.2820e+00    9.5056e-01    9.1754e-03
  217.3    5.9820e+00    3.2820e+00    8.2265e-01    6.0737e-03
  220.3    4.9254e+00    3.2820e+00    5.0070e-01   -7.9835e-03
  223.3    3.4494e+00    3.2820e+00    5.0989e-02   -1.8579e-02
  226.3    2.7388e+00    3.2820e+00   -1.6553e-01   -3.0454e-02
  229.3    2.7600e+00    3.2820e+00   -1.5907e-01   -3.3150e-02
  232.3    2.5046e+00    3.2820e+00   -2.3688e-01   -3.3974e-02
  235.3    2.6176e+00    3.2820e+00   -2.0244e-01   -2.7319e-02
  238.3    3.2407e+00    3.2820e+00   -1.2611e-02   -1.6632e-02
  241.3    3.4228e+00    3.2820e+00    4.2891e-02   -3.0742e-03
  244.3    3.0803e+00    3.2820e+00   -6.1453e-02    4.5121e-03
  247.3    2.6958e+00    3.2820e+00   -1.7863e-01    5.9246e-03
  250.3    2.2575e+00    3.2820e+00   -3.1217e-01   -4.0273e-03
  253.3    2.1232e+00    3.2820e+00   -3.5309e-01   -7.4716e-04
  18    41  13.77   69.0    1.0    0.0   ----------------------------
  133.3    2.4179e+00    2.9239e+00   -1.7306e-01   -3.6485e-02
  136.3    2.7442e+00    2.9239e+00   -6.1448e-02   -5.1017e-02
  139.3    3.6580e+00    2.9239e+00    2.5110e-01   -3.9509e-02
  142.3    3.6833e+00    2.9239e+00    2.5972e-01   -3.3334e-02
  145.3    3.7658e+00    2.9239e+00    2.8794e-01   -2.6109e-02
  148.3    4.2285e+00    2.9239e+00    4.4620e-01   -1.2069e-02
  151.3    3.2903e+00    2.9239e+00    1.2533e-01    4.4152e-04
  154.3    3.2252e+00    2.9239e+00    1.0306e-01    2.4419e-03
  157.3    3.4220e+00    2.9239e+00    1.7038e-01    9.5021e-03
  160.3    3.1561e+00    2.9239e+00    7.9412e-02    2.0514e-02
  163.3    2.7934e+00    2.9239e+00   -4.4630e-02    2.2852e-02
  166.3    2.3873e+00    2.9239e+00   -1.8352e-01    2.4511e-02
  169.3    1.8713e+00    2.9239e+00   -3.5998e-01    3.2038e-02
  172.3    1.7301e+00    2.9239e+00   -4.0828e-01    3.3338e-02
  175.3    2.2027e+00    2.9239e+00   -2.4664e-01    3.1835e-02
  178.3    2.7597e+00    2.9239e+00   -5.6148e-02    3.8314e-02
  181.3    2.7549e+00    2.9239e+00   -5.7807e-02    3.8548e-02
  184.3    2.2197e+00    2.9239e+00   -2.4083e-01    3.4890e-02
  187.3    1.8247e+00    2.9239e+00   -3.7592e-01    2.9488e-02
  190.3    1.8906e+00    2.9239e+00   -3.5338e-01    2.7189e-02
  193.3    2.3146e+00    2.9239e+00   -2.0839e-01    1.4400e-02
  196.3    2.8477e+00    2.9239e+00   -2.6066e-02    6.3951e-03
  199.3    3.2026e+00    2.9239e+00    9.5327e-02   -3.2899e-03
  202.3    3.4445e+00    2.9239e+00    1.7807e-01    1.6798e-03
  205.3    3.3642e+00    2.9239e+00    1.5058e-01    3.8081e-03
  208.3    3.2134e+00    2.9239e+00    9.9011e-02    5.1257e-03
  211.3    3.9725e+00    2.9239e+00    3.5865e-01    5.9003e-03
  214.3    3.6546e+00    2.9239e+00    2.4990e-01    9.1385e-03
  217.3    3.6096e+00    2.9239e+00    2.3454e-01    4.6682e-05
  220.3    3.6006e+00    2.9239e+00    2.3144e-01   -1.5204e-02
  223.3    2.7135e+00    2.9239e+00   -7.1944e-02   -1.7782e-02
  226.3    2.4275e+00    2.9239e+00   -1.6977e-01   -1.9357e-02
  229.3    2.4600e+00    2.9239e+00   -1.5867e-01   -1.6498e-02
  232.3    2.3954e+00    2.9239e+00   -1.8076e-01   -2.2792e-02
  235.3    2.7078e+00    2.9239e+00   -7.3890e-02   -1.6675e-02
  238.3    3.8120e+00    2.9239e+00    3.0376e-01   -1.9859e-02
  241.3    4.0999e+00    2.9239e+00    4.0223e-01   -1.9709e-02
  244.3    3.3616e+00    2.9239e+00    1.4970e-01   -1.4218e-02
  247.3    2.4468e+00    2.9239e+00   -1.6316e-01   -1.4623e-02
  250.3    2.2074e+00    2.9239e+00   -2.4506e-01    3.0747e-02
  253.3    1.9970e+00    2.9239e+00   -3.1699e-01   -4.4617e-02
  19    41  13.77   72.0    1.0    0.0   ----------------------------
  133.3    1.5972e+00    2.5326e+00   -3.6934e-01   -2.8454e-02
  136.3    2.0329e+00    2.5326e+00   -1.9729e-01   -2.7756e-02
  139.3    2.5729e+00    2.5326e+00    1.5906e-02   -2.6568e-02
  142.3    2.7693e+00    2.5326e+00    9.3446e-02   -3.0063e-02
  145.3    2.6266e+00    2.5326e+00    3.7114e-02   -2.7219e-02
  148.3    2.5743e+00    2.5326e+00    1.6469e-02   -2.2588e-02
  151.3    2.3288e+00    2.5326e+00   -8.0457e-02   -2.0947e-02
  154.3    2.4003e+00    2.5326e+00   -5.2227e-02   -8.8105e-03
  157.3    2.6961e+00    2.5326e+00    6.4578e-02    5.8926e-03
  160.3    3.2318e+00    2.5326e+00    2.7610e-01    1.5022e-02
  163.3    3.4005e+00    2.5326e+00    3.4269e-01    1.2358e-02
  166.3    3.1651e+00    2.5326e+00    2.4976e-01    2.1309e-02
  169.3    2.1530e+00    2.5326e+00   -1.4990e-01    2.2234e-02
  172.3    1.5807e+00    2.5326e+00   -3.7586e-01    2.4787e-02
  175.3    1.5428e+00    2.5326e+00   -3.9084e-01    2.0098e-02
  178.3    2.2096e+00    2.5326e+00   -1.2753e-01    3.2972e-02
  181.3    2.2647e+00    2.5326e+00   -1.0577e-01    3.0052e-02
  184.3    1.6251e+00    2.5326e+00   -3.5833e-01    3.4149e-02
  187.3    1.6908e+00    2.5326e+00   -3.3240e-01    2.9574e-02
  190.3    2.1219e+00    2.5326e+00   -1.6218e-01    3.2806e-02
  193.3    3.1458e+00    2.5326e+00    2.4213e-01    2.8567e-02
  196.3    3.3993e+00    2.5326e+00    3.4222e-01    2.6464e-02
  199.3    3.1839e+00    2.5326e+00    2.5715e-01    1.6355e-02
  202.3    2.9500e+00    2.5326e+00    1.6480e-01    1.7482e-02
  205.3    2.5510e+00    2.5326e+00    7.2587e-03    6.4780e-03
  208.3    2.4233e+00    2.5326e+00   -4.3158e-02    3.5427e-03
  211.3    2.3855e+00    2.5326e+00   -5.8074e-02   -6.0165e-03
  214.3    2.5634e+00    2.5326e+00    1.2157e-02   -4.6404e-03
  217.3    2.7504e+00    2.5326e+00    8.6013e-02   -9.0442e-03
  220.3    2.6831e+00    2.5326e+00    5.9417e-02   -4.0293e-03
  223.3    2.1436e+00    2.5326e+00   -1.5359e-01   -8.8375e-03
  226.3    1.6825e+00    2.5326e+00   -3.3566e-01   -4.4107e-03
  229.3    1.6703e+00    2.5326e+00   -3.4048e-01   -3.0298e-03
  232.3    1.8477e+00    2.5326e+00   -2.7045e-01   -3.3913e-03
  235.3    2.6812e+00    2.5326e+00    5.8667e-02   -4.7562e-03
  238.3    3.7010e+00    2.5326e+00    4.6135e-01   -1.4135e-02
  241.3    4.1747e+00    2.5326e+00    6.4839e-01   -1.8328e-02
  244.3    3.3631e+00    2.5326e+00    3.2794e-01   -2.4373e-02
  247.3    2.7846e+00    2.5326e+00    9.9518e-02   -2.9647e-02
  250.3    2.7223e+00    2.5326e+00    7.4888e-02   -2.8038e-02
  253.3    2.4455e+00    2.5326e+00   -3.4400e-02   -2.5061e-02